>> x=(2,3,3.5,4)
parse error:

  syntax error

>>> x=(2,3,3.5,4)
        ^

>> x=[2,3,3.5,4]
x =

   2.0000   3.0000   3.5000   4.0000

>> y=[4.5,5.2,6.1,6.2]
y =

   4.5000   5.2000   6.1000   6.2000

>> polyfit(x,y,"x")
ans =

 Columns 1 through 7:

  -1.8754e-064   6.4969e-064   3.6145e-064   1.4722e-064   5.3053e-065   1.7905e-065   5.8025e-066

 Columns 8 through 14:

   1.8296e-066   5.6566e-067   1.7235e-067   5.1925e-068   1.5506e-068   4.5981e-069   1.3557e-069

 Columns 15 through 21:

   3.9781e-070   1.1628e-070   3.3878e-071   9.8431e-072   2.8533e-072   8.2545e-073   2.3840e-073

 Columns 22 through 28:

   6.8754e-074   1.9804e-074   5.6983e-075   1.6381e-075   4.7052e-076   1.3506e-076   3.8744e-077

 Columns 29 through 35:

   1.1109e-077   3.1837e-078   9.1207e-079   2.6120e-079   7.4782e-080   2.1404e-080   6.1250e-081

 Columns 36 through 42:

   1.7524e-081   5.0128e-082   1.4337e-082   4.1001e-083   1.1724e-083   3.3520e-084   9.5829e-085

 Columns 43 through 49:

   2.7394e-085   7.8306e-086   2.2382e-086   6.3972e-087   1.8283e-087   5.2252e-088   1.4933e-088

 Columns 50 through 56:

   4.2674e-089   1.2195e-089   3.4848e-090   9.9579e-091   2.8454e-091   8.1307e-092   2.3233e-092

 Columns 57 through 63:

   6.6385e-093   1.8968e-093   5.4199e-094   1.5486e-094   4.4249e-095   1.2643e-095   3.6124e-096

 Columns 64 through 70:

   1.0322e-096   2.9491e-097   8.4262e-098   2.4075e-098   6.8788e-099   1.9654e-099   5.6155e-100

 Columns 71 through 77:

   1.6045e-100   4.5842e-101   1.3098e-101   3.7423e-102   1.0692e-102   3.0550e-103   8.7285e-104

 Columns 78 through 84:

   2.4939e-104   7.1254e-105   2.0358e-105   5.8167e-106   1.6619e-106   4.7483e-107   1.3567e-107

 Columns 85 through 91:

   3.8762e-108   1.1075e-108   3.1643e-109   9.0407e-110   2.5831e-110   7.3802e-111   2.1086e-111

 Columns 92 through 98:

   6.0247e-112   1.7213e-112   4.9181e-113   1.4052e-113   4.0148e-114   1.1471e-114   3.2774e-115

 Columns 99 through 105:

   9.3639e-116   2.6754e-116   7.6440e-117   2.1840e-117   6.2400e-118   1.7829e-118   5.0939e-119

 Columns 106 through 112:

   1.4554e-119   4.1583e-120   1.1881e-120   3.3945e-121   9.6986e-122   2.7710e-122   7.9173e-123

 Columns 113 through 119:

   2.2621e-123   6.4631e-124   1.8466e-124   5.2760e-125   1.5074e-125   4.3069e-126   1.2305e-126

 Columns 120 and 121:

   3.5158e-127   1.0045e-127

>> polyfit(x,y,3)
ans =

   -1.1667   10.6500  -30.3833   32.0000

>> plot(x,y)
>> polyout(x,"x")
2*x^3 + 3*x^2 + 3.5*x^1 + 4
>> a=polyfit(x,y,3)
a =

   -1.1667   10.6500  -30.3833   32.0000

>> polyout(a,"x")
-1.1667*x^3 + 10.65*x^2 - 30.383*x^1 + 32
>> f=@(x)-1.1667*x.^3 + 10.65*x.^2 - 30.383*x.^1 + 32
f =

@(x) -1.1667 * x .^ 3 + 10.65 * x .^ 2 - 30.383 * x .^ 1 + 32

>> ezplot(f)
>> ezplot(f,[2,4])
>> diary off
