>> M=euler(f,0,0,1,5)
M =

   0.00000   0.00000
   0.20000   0.00000
   0.40000   0.04000
   0.60000   0.12800
   0.80000   0.27360
   1.00000   0.48832

>> M=euler(f,0,0,1,10)
M =

   0.00000   0.00000
   0.10000   0.00000
   0.20000   0.01000
   0.30000   0.03100
   0.40000   0.06410
   0.50000   0.11051
   0.60000   0.17156
   0.70000   0.24872
   0.80000   0.34359
   0.90000   0.45795
   1.00000   0.59374

>> M=eulermejorado(f,0,0,1,10)
M =

   0.00000   0.00000
   0.10000   0.00500
   0.20000   0.02103
   0.30000   0.04923
   0.40000   0.09090
   0.50000   0.14745
   0.60000   0.22043
   0.70000   0.31157
   0.80000   0.42279
   0.90000   0.55618
   1.00000   0.71408

>> f=@(x,y)3*x+3*y
f =

@(x, y) 3 * x + 3 * y

>> M=euler(f,0,1,1,10)
M =

    0.00000    1.00000
    0.10000    1.30000
    0.20000    1.72000
    0.30000    2.29600
    0.40000    3.07480
    0.50000    4.11724
    0.60000    5.50241
    0.70000    7.33314
    0.80000    9.74308
    0.90000   12.90600
    1.00000   17.04780

>> diary off
